7076
6717
5050
6278
8123
6732
6076
5007
8216
5310
8400
5023
7257
7698
6196
8204
7162
7809
8296
5425
5158
8046
6628
8220
8023
7797
6750
7748
6415
5918
7949
6581
7710
6368
5539
5578
5670
6804
8265
7529
8213
5085
7697
6875
8851
6690
8376
5791
7816
8460
5053
8030
7800
5216
5679
6140
8670
8216
8698
8915
6591
5024
6095
8246
5757
5175
8057
5448
6676
7435
7720
8651
6000
5830
5430
8837
7854
8891
6501
8378
6195
8322
5708
8800
8830
8822
5624
8644
8974
7977
6331
5769
5932
8610
5629
6677
6721
5261
5526
5524
6754
6879
7426
6835
7282
8168
6250
5930
8176
5987
8931
7847
8401
5936
8385
7106
8654
8952
6845
5233
8524
6181
8217
7899
6426
8586
8697
6071
6201
8807
8495
8915
7995
6279
7490
5953
7084
5558
8315
8645
5881
6881
8378
8714
7527
8671
6390
5792
7826
8134
7621
7705
5002
8306
8555
5029
5315
6075
8123
8040
5108
8375
7355
7755
8643
6325
5140
5618
8966
6727
8192
6051
8283
5695
7445
5687
6753
7178
8865
7832
7053
7667
8906
6830
7072
5444
8603
5573
5664
8194
6744
6832
6564
8582
6897
7201
5420
8149
5173
6200
5031
7568
7833
8238
5304
5768
8307
7777
8248
8039
8136
5345
8743
7740
5672
5236
6271
8733
7132
7747
5793
5730
7623
5331
6890
5321
8530
6210
6422
5327
7836
8584
7916
7250
5270
5550
6111
6106
7037
8515
5825
5118
5260
5022
7458
8090
7557
6962
6672
6147
6865
6794
8173
8236
8617
7832
7838
7197
6513
7988
5449
7873
7394
8742
5133
7324
7921
5350
6478
5262
5603
7740
5058
5103
7578
8909
8237
5789
8554
5461
8889
8040
7262
6977
8204
8159
8703
8044
5254
5318
6167
8765
6007
7801
5560
8056
7173
8620
8839
8802
5431
7901
5545
6702
8061
7517
6391
8200
5050
7009
8548
6821
6852
7269
6068
5587
5437
7938
6311
7535
5850
7619
7099
6573
6972
6338
8390
5320
6624
7125
8133
5322
5372
8685
6297
5614
7043
7043
6508
8658
6460
8037
6993
5767
7801
7848
8207
8160
6675
8007
5106
6840
6548
8421
7320
7689
8928
8379
6292
8739
5388
5330
5872
5347
6404
5046
6865
7777
5971
8084
5472
5851
5067
7931
6794
6436
6746
6623
8890
6035
6101
7690
8206
8796
6366
5322
7129
6640
6161
5593
6787
6385
5128
8880
7632
5113
5563
5303
5704
5902
6905
6984
6334
8369
8067
8635
8872
5602
5560
7716
8838
7572
6821
5082
7851
7989
6407
7076
8330
8529
5882
5308
7299
6956
5600
8258
8501
5109
5581
6996
8059
5336
5223
7359
8879
7500
5914
6869
8823
5449
5104
7186
7953
6160
5647
6719
7850
6082
6766
5719
8688
6708
6680
8076
8818
6124
7100
5218
6746
7619
7794
5661
5079
5614
6509
6437
5626
6660
7657
8566
7363
5575
5108
6816
5195
8208
8316
8355
5907
6152
6403
6890
6700
7552
6398
7666
7012
6637
8014
7899
7696
5627
5569
5271
5802
5357
5547
6272
5826
7184
5606
6552
8775
5439
5063
8325
6709
7599
8720
6189
5625
8690
7265
5062
7923
7237
6254
6287
5112
5439
8939
6048
8639
8243
7645
6246
5289
6924
6553
6526
5015
6536
6664
5976
8797
5911
6553
7932
8148
6345
6451
8859
8623
6824
6945
8308
5097
8635
5170
8921
5026
8103
6118
7910
8369
7276
8469
6997
7600
6985
5390
6139
6687
8876
5770
5323
6731
5273
6147
8240
7450
7600
6804
8551
8748
7090
6020
8762
7693
5972
6995
8216
7454
5620
8327
5669
8862
8331
5860
6381
6813
8395
8127
6432
6293
8165
8459
6625
5450
6444
8060
8683
6511
6647
6452
6790
7414
5441
6383
8162
7471
6494
7729
8484
6995
8061
8114
6783
8711
7594
8115
8468
6904
7425
5259
6336
7123
8164
5198
7581
7275
6531
6718
6299
7959
7020
8544
5421
7931
8909
8020
5074
8921
8147
6629
5586
8919
5242
8110
7543
7357
7167
5240
5777
8967
8979
8708
8832
7645
7330
5703
8660
6101
8949
8186
5406
7157
7721
7607
5956
8405
6721
5127
6896
5269
7452
8771
6270
8514
6833
8267
6622
8082
7731
6608
5591
7998
5823
6047
8959
7063
6695
6294
8445
5714
8079
6299
8701
5752
7108
5422
5573
5615
6286
5094
7409
5694
7507
7267
8833
7742
6370
5074
5970
6899
7766
6528
5310
5783
5686
8606
8910
5313
5869
8991
5066
7025
7711
7426
7718
5347
7008
6369
8998
6235
6877
8748
6118
6439
8552
5825
5687
6463
7574
6781
6696
7778
5226
6557
5104
7557
8933
5037
6160
6168
5606
6297
5093
5738
7498
7252
6815
5057
5499
6084
8623
7734
7626
7008
8017
6929
7735
6634
8010
8101
8354
8510
5188
8202
8638
6080
7137
5351
6241
8523
8563
6255
7564
5310
6764
5005
8503
7556
7958
5505
8784
6802
5281
6254
6629
5658
6273
8873
8120
8809
7428
5210
8155
5920
6663
5608
6005
8510
8464
5865
5574
7123
7256
6037
7321
6834
7088
8323
5205
5878
7615
6495
8215
6013
6574
6283
6618
7918
7538
5939
8128
7619
8779
8233
6934
6432
5944
5269
7127
7863
8910
8148
8431
7099
7752
6712
7808
6928
6740
7536
7161
8297
6967
6117
6492
5358
6221
5428
5412
8651
8192
6853
6423
8031
6125
6411
8510
8334
7462
6090
6830
8629
7190
7594
6500
5587
8400
6211
8204
7473
5163
8384
8451
7761
5694
7968
6565
5853
6263
6419
8564
6487
7773
5972
5145
7945
5191
5209
7786
5682
8476
6813
8188
7456
8788
6269
5657
7482
8375
5645
6382
8831
7916
8953
7907
8979
5083
7607
5961
8547
7628
8330
5497
6916
5097
8715
5009
5410
6471
8884
8181
5842
6303
5361
8851
6688
7634
5808
7634
5324
6910
5963
5900
5067
8104
5227
5656
5202
7252
6097
8124
5088
8466
8136
5484
6422
8584
6786
8529
8950
6906
6818
6649
5496
7084
8387
5167
5602
7647
8966
6030
8311
5616
7294
6679
5618
6500
8755
7354
8545
7924
5237
7855
5600
8145
7152
7991
6024
8265
5516
8919
7249
7875
7061
7879