3.95063
4.74075
4.74075
3.55556
4.74075
3.95063
3.55556
4.34569
3.55556
3.55556
3.95063
3.55556
3.55556
3.55556
21.7284
3.55556
3.55556
3.55556
4.34569
4.34569
5.13581
3.55556
3.95063
3.95063
4.34569
3.95063
3.55556
3.55556
4.74075
3.55556
3.95063
3.95063
3.55556
5.13581
5.13581
4.34569
3.95063
11.4568
3.55556
5.13581
5.13581
3.95063
3.95063
3.95063
3.95063
4.34569
16.5926
4.34569
4.34569
5.13581
3.55556
5.13581
3.95063
3.95063
6.71606
3.95063
3.1605
3.95063
3.55556
5.13581
8.69138
3.95063
3.55556
3.95063
4.34569
3.95063
3.95063
3.55556
14.6173
28.8396
3.95063
3.55556
3.55556
5.13581
3.95063
6.71606
3.95063
5.13581
5.13581
7.11113
4.34569
3.95063
4.34569
3.95063
3.55556
3.1605
3.55556
3.55556
3.55556
3.95063
5.53088
3.55556
4.34569
5.92594
4.74075
3.95063
4.74075
5.13581
3.95063
3.55556
